0.966
0.962
0.959
0.949
0.962
0.963
0.961
0.947
0.960
0.957
0.951
0.957
0.944
0.957
0.955
0.957
0.956
0.955
0.955
0.943
0.955
0.953
0.945
0.955
0.947
0.955
0.951
0.949
0.949
0.955
0.951
0.948
0.941
0.945
0.947
0.954
0.955
0.955
0.953
0.949
0.941
0.945
0.941
0.946
0.938
0.945
0.917
0.934
0.919
0.930
0.935
0.934
0.929
0.928
0.939
0.932
0.938
0.933
0.926
0.931
0.931
0.934
0.940
0.936
0.925
0.914
0.924
0.919
0.916
0.914
0.912
0.896
0.905
0.855
0.907
0.886
0.847
0.901
0.847
0.894
0.872
0.869
0.786
0.852
0.862
0.831
0.830
0.832
0.834
0.816
0.828
0.828
0.837
0.811
0.809
0.768
0.822
0.771
0.804
0.791
0.650
0.704
0.627
0.627
0.525
0.525
0.471
0.453
0.654
0.772
0.780
0.792
0.796
0.799
0.798
0.810
0.822
0.877
0.850
0.866
0.859
0.856
0.857
0.839
0.834
0.854
0.856
0.860
0.865
0.878
0.866
0.857
0.855
0.845
0.849
0.849
0.848
0.857
0.862
0.873
0.866
0.869
0.874
0.821
0.712
0.533
0.530
0.403
0.376
0.415
0.432
0.420
0.355
0.329
0.266
0.347
0.295
0.357
0.392
0.388
0.436
0.391
0.427
0.460
0.450
0.468
0.446
0.463
0.440
0.476
0.474
0.508
0.482
0.470
0.368
0.512
0.505
0.468
0.341
0.503
0.480
0.449
0.477
0.391
0.407
0.311
0.512
0.452
0.246
0.255
0.344
0.287
0.240
0.169
0.235
0.340
0.310
0.393
0.428
0.360
0.460
0.332
0.284
0.297
0.322
0.348
0.314
0.330
0.359
0.304
0.240
0.318
0.280
0.361
0.310
0.390
0.269
0.271
0.367
0.321
0.308
0.386
0.245
0.315
0.301
0.313
0.402
0.256
0.320
0.304
0.328
0.382
0.312
0.388
0.304
0.358
0.441
0.375
0.342
0.295
0.365
0.340
0.273
0.428
0.288
0.266
0.330
0.357
0.342
0.374
0.303
0.362
0.369
0.313
0.316
0.367
0.260
0.320
0.411
0.310
0.314
0.391
0.326
0.448
0.378
0.520
0.401
0.415
0.407
0.348
0.393
0.414
0.354
0.300
0.356
0.354
0.245
0.423
0.408
0.418
0.384
0.301
0.265
0.334
0.296
0.338
0.352
0.347
0.441
0.312
0.331
0.344
0.336
0.334
0.319
0.329
0.361
0.434
0.396
0.299
0.358
0.382
0.445
0.301
0.372
0.465
0.402
0.301
0.426
0.437
0.404
0.405
0.340
0.394
0.411
0.453
0.419
0.432
0.358
0.415
0.342
0.467
0.374
0.475
0.330
0.390
0.370
0.452
0.453
0.374
0.439
0.479
0.491
0.393
0.417
0.450
0.486
0.389
0.422
0.338
0.435
0.295
0.399
0.359
0.452
0.419
0.386
0.410
0.397
0.426
0.426
0.357
0.382
0.371
0.464
0.378
0.410
0.316
0.362
0.384
0.367
0.351
0.342
0.423
0.429
0.288
0.496
0.372
0.309
0.383
0.456
0.318
0.390
0.321
0.434
0.456
0.416
0.418
0.431
0.379
0.346
0.393
0.402
0.370
0.414
0.421
0.409
0.428
0.410
0.449
0.412
0.444
0.411
0.364
0.393
0.389
0.389
0.434
0.368
0.484
0.433
0.403
0.351
0.398
0.426
0.372
0.458
0.409
0.458
0.407
0.433
0.479
0.498
0.445
0.543
0.557
0.539
0.517
0.504
0.472
0.488
0.457
0.473
0.462
0.513
0.451
0.370
0.395
0.365
0.476
0.395
0.402
0.359
0.359
0.373
0.274
0.365
0.365
0.422
0.511
0.566
0.436
0.474
0.449
0.436
0.480
0.521
0.607
0.615
0.537
0.615
0.577
0.583
0.638
0.522
0.584
0.659
0.587
0.545
0.621
0.562
0.547
0.636
0.586
0.557
0.530
0.564
0.592
0.575
0.509
0.566
0.494
0.567
0.532
0.465
0.487
0.501
0.489
0.473
0.460
0.344
0.292
0.327
0.245
0.171
0.192
0.344
0.316
0.340
0.354
0.426
0.287
0.388
0.254
0.290
0.328
0.325
0.212
0.297
0.271
0.313
0.380
0.357
0.317
0.421
0.410
0.269
0.236
0.283
0.301
0.286
0.284
0.315
0.410
0.409
0.338
0.338
0.337
0.247
0.441
0.349
0.397
0.333
0.430
0.443
0.422
0.370
0.409
0.438
0.466
0.424
0.326
0.334
0.363
0.406
0.335
0.365
0.220
0.315
0.217
0.283
0.235
0.253
0.282
0.292
0.336
0.257
0.274
0.248
0.275
0.294
0.347
0.278
0.338
0.323
0.244
0.313
0.325
0.353
0.268
0.290
0.304
0.269
0.432
0.321
0.285
0.343
0.286
0.272
0.297
0.356
0.342
0.286
0.270
0.301
0.294
0.236
0.353
0.300
0.239
0.242
0.408
0.265
0.365
0.386
0.320
0.311
0.272
0.289
0.301
0.299
0.335
0.335
0.247
0.268
0.296
0.283
0.296
0.372
0.326
0.295
0.301
0.316
0.370
0.405
0.302
0.264
0.314
0.335
0.262
0.300
0.465
0.443
0.394
0.460
0.447
0.435
0.474
0.459
0.399
0.448
0.405
0.431
0.419
0.571
0.503
0.449
0.465
0.502
0.506
0.422
0.491
0.366
0.411
0.430
0.518
0.456
0.499
0.423
0.489
0.449
0.481
0.385
0.463
0.533
0.487
0.620
0.432
0.292
0.440
0.510
0.451
0.447
0.425
0.401
0.400
0.435
0.448
0.367
0.430
0.535
0.475
0.453
0.454
0.451
0.376
0.357
0.491
0.365
0.420
0.379
0.363
0.357
0.388
0.360
0.379
0.375
0.377
0.431
0.401
0.428
0.317
0.337
0.445
0.522
0.520
0.451
0.512
0.415
0.338
0.472
0.475
0.345
0.362
0.394
0.442
0.376
0.382
0.439
0.507
0.489
0.463
0.494
0.482
0.463
0.406
0.482
0.470
0.475
0.439
0.439
0.489
0.461
0.507
0.434
0.384
0.568
0.386
0.437
0.431
0.455
0.394
0.357
0.454
0.320
0.448
0.312
0.406
0.365
0.320
0.393
0.424
0.441
0.429
0.404
0.408
0.462
0.396
0.447
0.367
0.504
0.496
0.384
0.339
0.332
0.348
0.446
0.393
0.487
0.293
0.439
0.408
0.419
0.437
0.408
0.392
0.419
0.452
0.483
0.437
0.439
0.518
0.477
0.474
0.405
0.549
0.582
0.442
0.500
0.430
0.497
0.356
0.363
0.456
0.383
0.423
0.534
0.445
0.432
0.487
0.543
0.462
0.421
0.469
0.455
0.476
0.452
0.446
0.486
0.408
0.479
0.360
0.366
0.383
0.331
0.395
0.333
0.471
0.402
0.387
0.434
0.433
0.369
0.435
0.461
0.488
0.453
0.504
0.457
0.501
0.490
0.421
0.329
0.323
0.348
0.342
0.386
0.323
0.301
0.345
0.300
0.271
0.294
0.359
0.335
0.332
0.433
0.448
0.478
0.531
0.506
0.549
0.553
0.548
0.534
0.557
0.535
0.494
0.547
0.519
0.501
0.486
0.515
0.528
0.474
0.527
0.485
0.519
0.503
0.556
0.529
0.539
0.512
0.509
0.538
0.505
0.491
0.503
0.521
0.509
0.537
0.522
0.547
0.535
0.530
0.549
0.574
0.575
0.528
0.518
0.538
0.591
0.556
0.568
0.505
0.588
0.558
0.573
0.592
0.564
0.586
0.598
0.572
0.615
0.577
0.611
0.610
0.610
0.598
0.628
0.621
0.617
0.601
0.611
0.621
0.600
0.583
0.585
0.567
0.562
0.527
0.523
0.510
0.355
0.265
0.258
0.305
0.295
0.428
0.452
0.339
0.365
0.395
0.367
0.330
0.497
0.450
0.365
0.352
0.402
0.338
0.452
0.363
0.336
0.349
0.324
0.396
0.405
0.316
0.327
0.354
0.471
0.265
0.314
0.285
0.282
0.314
0.424
0.366
0.331
0.372
0.373
0.406
0.354
0.408
0.436
0.368
0.395
0.438
0.406
0.394
0.391
0.337
0.481
0.463
0.450
