168.0	354.0	38.0	42.0	track
169.6	351.6	34.0	47.2	track
169.2	352.2	34.5	46.8	track
169.3	353.7	34.2	46.3	track
170.7	352.7	33.2	48.1	track
170.1	354.1	33.9	46.2	track
169.7	354.7	33.7	46.2	track
169.4	354.9	34.2	46.0	track
170.2	356.1	34.1	46.4	track
169.9	355.9	34.7	46.6	track
170.3	355.3	33.7	47.3	track
170.3	356.5	33.6	46.5	track
170.0	356.7	33.7	46.4	track
171.2	356.9	33.0	47.2	track
171.0	356.7	32.8	47.3	track
170.2	357.6	34.0	46.1	track
170.1	356.9	33.7	47.0	track
170.0	357.6	33.8	46.7	track
170.2	356.7	33.7	47.7	track
169.3	357.7	34.2	46.5	track
171.1	356.1	32.5	48.9	track
169.9	356.9	34.4	47.0	track
169.1	358.0	34.5	46.2	track
170.4	357.5	32.8	47.2	track
169.3	358.4	34.0	45.6	track
170.0	358.1	33.6	46.6	track
169.9	357.7	33.9	46.7	track
168.9	359.2	34.2	45.1	track
169.7	357.6	33.1	47.0	track
169.4	359.0	33.7	45.6	track
169.0	358.7	33.8	46.1	track
169.0	358.1	33.8	46.6	track
169.3	358.2	33.5	46.4	track
168.9	360.0	33.6	45.1	track
168.9	357.8	33.7	46.9	track
168.6	358.9	33.0	46.3	track
168.5	358.8	33.2	46.3	track
168.6	358.6	33.1	46.4	track
168.4	358.7	33.2	46.3	track
168.2	358.7	33.4	46.3	track
168.4	357.7	33.6	47.0	track
168.5	358.6	33.6	46.3	track
169.0	357.4	33.2	47.2	track
168.6	358.6	33.2	46.6	track
168.8	357.4	33.6	47.1	track
168.5	357.7	33.4	46.8	track
168.7	356.5	33.4	47.8	track
168.0	358.4	34.2	46.3	track
168.7	356.4	34.4	47.6	track
167.5	358.2	34.5	45.9	track
168.3	356.9	34.1	47.3	track
168.3	356.9	33.6	47.4	track
168.3	356.0	34.7	47.2	track
167.8	356.3	34.0	47.4	track
168.0	357.1	34.2	47.2	track
167.9	355.9	34.0	48.0	track
168.1	355.5	34.5	47.9	track
168.4	355.3	33.6	48.4	track
168.3	355.8	34.2	47.7	track
169.1	354.2	34.3	48.6	track
168.3	355.6	34.0	47.4	track
168.6	354.0	33.7	48.3	track
168.9	353.8	34.0	48.1	track
168.4	353.9	34.0	47.5	track
168.3	353.5	34.2	47.6	track
168.8	353.1	35.0	48.1	track
167.9	352.6	34.8	47.8	track
167.8	351.6	35.3	48.3	track
168.3	351.6	35.2	48.7	track
167.6	352.0	34.9	48.3	track
167.7	351.0	35.3	48.6	track
168.4	352.1	35.2	48.6	track
168.4	350.7	35.2	49.3	track
168.9	349.6	35.6	49.5	track
167.1	351.8	35.5	47.2	track
169.1	349.6	34.8	50.1	track
169.4	348.7	35.7	49.9	track
167.7	351.1	35.7	47.3	track
169.7	348.3	35.3	50.4	track
168.0	349.4	35.6	48.4	track
169.2	347.4	35.4	50.5	track
168.1	348.3	35.7	49.7	track
170.5	346.9	35.1	50.7	track
167.2	346.7	35.0	50.4	track
169.0	346.8	35.6	51.0	track
169.0	346.6	36.9	50.7	track
167.4	348.1	37.2	49.5	track
168.6	346.2	38.2	50.8	track
167.6	346.8	37.3	50.0	track
167.8	346.9	38.9	50.0	track
167.5	346.6	38.2	50.5	track
167.7	345.2	38.8	51.0	track
167.5	344.9	37.6	50.7	track
166.7	345.3	39.9	48.5	track
166.2	347.4	41.4	46.2	track
167.7	345.3	40.4	48.4	track
165.7	346.5	42.5	45.8	track
166.3	345.0	42.1	47.2	track
164.8	345.4	42.7	46.3	track
165.0	345.2	42.5	47.4	track
165.5	345.0	46.1	46.6	track
164.1	346.2	46.5	45.8	track
165.4	344.1	46.8	48.1	track
164.8	345.7	47.5	47.0	track
165.5	346.4	49.0	45.5	track
166.7	344.1	47.8	47.2	track
165.5	345.6	51.0	45.6	track
166.4	344.5	50.5	46.2	track
166.4	342.9	44.7	45.7	track
161.9	343.9	48.6	45.0	track
161.6	343.7	43.4	45.5	track
163.8	342.1	43.3	47.2	track
161.7	343.2	44.3	45.2	track
162.6	341.8	44.3	46.6	track
161.5	342.4	44.6	45.1	track
162.3	341.5	43.8	46.1	track
163.2	340.2	43.1	47.0	track
162.9	341.9	43.7	44.6	track
164.5	338.2	39.5	49.1	track
163.1	339.8	40.2	47.2	track
163.9	337.8	39.5	49.1	track
164.0	338.2	39.2	48.4	track
163.9	337.8	39.2	48.5	track
163.8	337.3	39.2	48.5	track
162.7	338.1	40.0	48.0	track
162.7	337.4	40.1	48.9	track
162.6	336.7	40.5	49.1	track
163.7	336.2	39.4	50.2	track
163.5	336.7	40.0	49.1	track
163.8	336.2	39.9	49.5	track
162.9	335.5	39.9	49.6	track
163.1	336.3	39.4	48.8	track
163.7	334.1	39.6	50.5	track
162.6	335.5	40.0	48.6	track
163.3	334.8	39.2	50.1	track
162.8	334.5	39.9	49.8	track
163.1	334.0	39.6	50.4	track
163.1	333.7	39.9	50.3	track
162.7	334.4	39.7	49.8	track
163.5	333.8	40.1	50.8	track
162.8	333.1	40.3	50.7	track
162.9	334.8	40.1	49.1	track
162.6	333.4	39.9	50.9	track
161.9	333.5	40.0	50.6	track
158.1	333.7	42.8	49.6	track
154.2	333.8	42.0	49.2	track
148.0	332.8	42.8	49.8	track
143.3	333.5	40.2	49.5	track
206.0	293.0	38.0	42.0	redetect
194.8	292.5	40.8	39.1	track
184.4	291.1	42.2	39.8	track
175.5	289.1	42.1	40.5	track
165.3	287.6	43.1	40.4	track
157.6	285.7	44.9	39.1	track
152.6	284.4	43.4	38.8	track
151.5	283.0	42.2	36.9	track
154.0	280.7	36.8	40.2	track
154.6	279.5	37.3	41.1	track
156.3	277.5	35.1	40.2	track
156.3	276.9	34.6	43.4	track
159.0	274.9	31.9	41.9	track
158.6	277.3	33.3	38.6	track
160.5	274.2	30.7	39.2	track
162.7	275.6	31.0	30.9	track
163.9	275.1	27.7	28.4	track
162.0	263.0	38.0	42.0	redetect
161.4	264.5	40.2	37.4	track
162.9	264.4	39.5	38.4	track
162.9	263.4	39.8	37.6	track
163.3	263.2	39.7	39.2	track
163.0	262.3	39.8	39.1	track
162.4	261.7	39.6	41.2	track
162.4	261.2	38.3	39.6	track
163.2	260.9	36.1	42.0	track
116.0	319.0	38.0	42.0	redetect
116.6	317.4	36.7	43.3	track
116.0	317.7	37.0	42.6	track
115.5	318.6	37.0	41.7	track
115.9	318.0	36.0	42.8	track
115.3	317.6	36.1	43.3	track
115.8	317.1	35.7	43.2	track
115.0	317.2	36.3	42.8	track
115.7	317.1	35.9	42.7	track
115.8	317.1	35.5	43.5	track
114.7	317.6	36.5	42.6	track
115.0	317.4	35.9	42.9	track
114.0	318.5	36.2	42.9	track
112.7	318.6	35.8	43.4	track
109.0	321.6	34.8	40.4	track
102.8	322.0	36.0	40.1	track
93.3	323.7	37.7	41.6	track
85.0	326.8	38.9	39.7	track
77.6	328.6	38.0	40.4	track
69.0	332.3	39.5	39.4	track
60.3	334.7	38.5	41.1	track
52.3	337.5	39.5	41.6	track
46.8	337.5	38.1	40.9	track
43.9	342.7	37.4	40.6	track
42.0	342.8	37.5	42.5	track
42.8	343.5	38.0	41.7	track
41.3	342.4	39.1	43.2	track
43.0	343.0	38.3	41.7	track
41.4	341.9	39.1	43.7	track
41.8	342.1	38.2	42.4	track
43.0	341.3	37.1	43.7	track
41.2	341.5	38.5	43.0	track
42.1	342.9	37.8	41.9	track
42.3	342.5	38.4	42.1	track
41.6	341.7	38.4	43.0	track
43.2	341.9	37.3	42.3	track
42.1	341.3	38.3	43.3	track
40.2	342.5	38.6	43.3	track
42.8	341.3	37.1	45.1	track
40.8	343.5	38.4	42.5	track
41.0	344.7	38.6	42.4	track
40.5	345.8	39.1	42.5	track
40.3	347.9	39.1	41.3	track
41.6	348.0	37.5	43.6	track
40.7	349.3	38.6	42.2	track
40.1	352.1	38.1	41.4	track
40.9	352.4	36.8	44.6	track
40.2	354.6	37.9	42.8	track
41.3	356.1	37.3	43.4	track
41.1	358.3	37.1	43.5	track
41.1	358.9	37.2	43.7	track
39.0	363.0	38.9	41.1	track
40.6	364.1	37.2	43.6	track
40.5	366.5	37.2	43.2	track
39.7	368.1	37.4	44.1	track
39.3	371.8	38.7	42.0	track
38.7	374.5	38.8	41.8	track
39.9	377.8	38.1	41.7	track
40.0	378.6	37.4	44.3	track
39.0	383.2	38.8	41.3	track
39.2	385.8	38.2	41.8	track
40.3	387.7	37.9	43.3	track
38.5	391.7	38.8	41.5	track
40.3	393.6	37.3	43.3	track
39.3	397.3	38.7	41.7	track
39.2	400.2	38.4	41.9	track
39.0	403.7	38.5	41.6	track
39.2	407.8	38.6	41.3	track
36.5	409.3	39.7	43.9	track
43.0	411.5	35.2	46.5	track
37.9	417.9	39.5	41.6	track
40.8	421.3	37.6	42.2	track
37.6	426.1	40.7	40.8	track
41.0	429.0	38.0	42.0	redetect
40.5	433.6	38.2	39.3	track
40.5	438.1	38.1	38.4	track
41.8	441.1	36.6	39.8	track
41.2	445.9	37.8	40.5	track
41.1	449.8	37.5	39.5	track
41.4	454.0	37.4	38.8	track
41.3	458.6	37.6	38.3	track
42.1	462.5	37.5	38.5	track
42.3	465.8	36.9	39.5	track
42.4	470.6	37.4	38.3	track
42.6	472.9	36.6	40.2	track
42.4	477.1	37.1	39.1	track
43.4	479.3	35.3	41.1	track
42.5	483.4	36.5	39.8	track
42.9	484.6	35.7	41.9	track
43.2	487.8	35.6	41.8	track
43.9	490.2	35.0	42.6	track
42.3	494.1	37.1	40.6	track
42.6	496.0	36.2	41.9	track
42.3	498.0	37.0	41.7	track
43.2	501.0	36.4	41.1	track
43.3	502.0	36.4	41.7	track
43.0	503.4	37.5	40.6	track
45.0	503.2	36.9	41.0	track
45.7	502.8	37.7	40.0	track
47.1	500.9	37.7	40.6	track
49.8	498.6	36.5	40.7	track
51.7	497.1	36.2	40.3	track
54.4	494.0	37.1	39.5	track
57.6	492.4	35.9	38.7	track
55.6	490.8	37.7	39.9	track
59.0	489.2	36.6	40.2	track
57.8	489.9	37.7	41.2	track
58.8	489.3	37.1	41.2	track
56.7	492.9	39.5	39.2	track
60.1	491.3	36.9	39.8	track
56.3	494.7	38.3	38.1	track
59.1	494.2	37.4	38.7	track
57.3	495.9	39.5	38.6	track
57.4	495.8	37.8	37.3	track
56.9	495.9	38.3	39.5	track
59.7	495.0	36.9	39.2	track
55.6	496.6	37.9	39.6	track
58.3	495.6	35.9	39.8	track
58.1	496.0	36.2	39.8	track
57.4	497.4	38.4	39.3	track
55.6	497.9	36.8	38.4	track
59.2	497.0	35.4	38.8	track
55.2	498.5	38.4	39.2	track
58.2	497.1	36.6	39.6	track
54.7	498.8	37.1	39.4	track
57.8	497.6	36.7	38.3	track
53.5	498.9	38.2	39.3	track
56.8	497.3	37.4	38.4	track
58.0	496.2	36.4	37.0	track
56.8	494.1	37.1	37.4	track
59.8	492.6	37.8	36.5	track
64.2	489.8	35.2	36.8	track
64.4	487.3	36.7	36.6	track
66.0	481.0	38.0	42.0	redetect
68.7	479.3	37.6	38.7	track
71.7	476.7	37.4	39.6	track
74.3	474.8	37.1	38.5	track
75.6	473.0	37.2	38.6	track
76.9	470.9	36.1	41.8	track
76.7	470.2	36.2	42.0	track
76.3	470.9	36.0	41.8	track
76.6	470.6	36.7	41.0	track
74.6	470.2	37.2	42.3	track
75.1	469.8	35.9	42.5	track
73.0	469.6	37.6	42.4	track
72.7	470.8	38.5	40.6	track
73.0	470.5	37.5	41.5	track
72.1	470.9	38.0	41.6	track
72.6	471.0	37.7	39.6	track
70.0	471.3	39.4	40.4	track
70.0	471.4	38.9	40.2	track
70.3	470.5	37.9	40.9	track
70.1	470.8	38.3	40.4	track
69.5	470.6	38.3	40.9	track
69.3	470.1	37.9	41.0	track
68.7	470.4	38.5	40.5	track
67.4	470.3	39.1	40.9	track
67.5	470.6	38.6	40.2	track
67.1	469.9	38.4	41.4	track
67.0	470.5	38.5	40.1	track
66.5	470.0	38.6	41.0	track
65.2	471.6	40.0	39.7	track
65.6	471.0	39.0	40.6	track
65.1	470.8	39.2	41.0	track
65.8	470.4	37.8	40.6	track
64.0	470.7	39.6	40.7	track
65.4	470.0	38.2	40.3	track
62.5	470.2	40.3	40.7	track
63.6	470.1	38.3	40.7	track
63.5	471.2	38.2	40.0	track
62.4	470.7	39.8	39.8	track
62.9	469.9	38.9	40.5	track
61.6	469.7	39.3	41.3	track
61.6	471.7	39.9	39.5	track
60.9	470.5	40.3	40.0	track
60.9	470.0	38.8	41.0	track
60.5	471.3	39.7	39.2	track
60.4	470.2	40.0	39.3	track
59.8	470.5	39.1	40.7	track
60.1	470.2	39.9	39.1	track
59.0	468.3	39.2	42.9	track
59.6	470.1	39.4	40.1	track
58.2	468.9	40.3	40.7	track
59.1	468.5	38.7	41.1	track
57.3	468.2	39.6	42.1	track
58.3	468.8	40.1	40.9	track
58.6	468.5	39.1	41.6	track
58.0	467.8	39.5	42.2	track
58.5	467.4	38.5	42.2	track
58.1	467.7	38.6	42.8	track
58.0	467.4	39.8	40.4	track
58.0	467.0	39.1	42.7	track
56.6	467.0	39.7	42.7	track
57.6	466.7	39.2	41.3	track
56.7	465.3	39.5	43.9	track
57.5	465.8	39.1	42.1	track
55.7	466.0	40.5	42.8	track
57.3	465.4	40.0	41.4	track
55.1	464.3	41.1	44.0	track
57.5	464.5	39.2	42.7	track
55.3	464.5	40.5	43.7	track
56.8	464.4	39.3	42.5	track
55.3	463.6	40.5	44.1	track
55.9	464.5	39.5	42.6	track
52.9	463.4	42.6	43.3	track
55.9	463.6	39.3	43.0	track
53.9	463.1	41.0	43.6	track
54.9	463.9	40.1	42.2	track
52.2	463.2	42.1	42.5	track
54.2	464.5	40.8	42.0	track
53.3	462.7	40.1	45.4	track
55.2	462.7	38.9	43.3	track
53.3	461.9	40.2	45.5	track
55.1	461.7	38.8	44.3	track
53.7	461.9	39.3	45.9	track
54.3	461.9	39.5	43.9	track
50.8	463.2	41.1	44.0	track
53.2	461.5	40.0	43.9	track
52.6	462.8	40.2	44.0	track
52.7	461.8	39.6	45.4	track
51.1	462.6	40.4	45.1	track
52.7	461.5	39.7	43.5	track
51.6	461.2	39.9	45.8	track
52.0	461.0	39.6	45.2	track
50.9	460.6	40.4	46.1	track
51.0	461.7	39.2	45.7	track
50.2	461.2	41.1	43.9	track
50.9	461.4	39.7	45.7	track
50.3	460.8	41.1	44.5	track
49.9	461.8	40.2	44.9	track
49.3	461.3	40.9	44.5	track
49.1	460.5	40.8	45.6	track
49.1	460.7	40.9	44.5	track
49.5	461.8	40.6	44.8	track
49.0	460.7	41.7	43.7	track
48.8	461.5	41.0	44.4	track
47.4	460.7	41.7	45.5	track
48.4	460.4	41.2	44.0	track
48.2	460.4	41.4	45.3	track
47.2	460.5	42.0	45.3	track
47.6	459.4	41.2	45.5	track
47.8	461.0	41.0	44.7	track
47.1	460.6	41.8	45.1	track
46.9	460.4	41.8	44.7	track
46.3	460.3	42.2	44.5	track
46.3	459.4	42.7	44.3	track
46.5	460.6	41.7	44.8	track
45.5	459.9	42.1	46.1	track
46.1	460.1	42.0	44.6	track
45.4	460.3	42.5	45.2	track
45.0	459.9	43.1	44.7	track
44.9	459.7	42.5	46.2	track
45.7	460.0	42.7	43.5	track
42.7	460.1	44.4	45.4	track
45.0	459.5	42.6	43.7	track
43.1	457.9	42.5	47.5	track
43.7	458.6	43.3	44.9	track
43.2	458.4	42.7	46.2	track
42.8	459.4	42.3	46.1	track
43.6	458.7	42.6	44.7	track
42.6	458.2	43.1	45.9	track
42.2	458.8	43.0	45.8	track
42.0	458.5	43.2	45.1	track
41.6	458.1	43.5	45.6	track
42.0	459.6	42.6	45.4	track
41.6	459.3	43.2	44.9	track
40.5	458.8	43.5	46.6	track
39.6	459.2	43.3	46.7	track
39.3	460.8	41.1	46.5	track
37.5	463.1	40.7	45.2	track
31.1	466.5	44.6	45.2	track
31.5	471.8	41.7	45.9	track
26.1	476.6	42.5	45.0	track
25.1	482.9	41.3	44.9	track
20.8	487.1	41.7	46.2	track
18.3	492.4	41.4	47.3	track
15.9	497.6	41.3	47.8	track
12.9	502.7	41.0	47.7	track
11.8	509.4	42.6	46.4	track
9.3	514.8	43.1	45.5	track
9.6	520.0	42.5	45.8	track
9.8	520.9	42.9	47.6	track
8.5	518.2	41.6	49.7	track
9.9	521.0	43.9	49.0	track
8.3	519.5	42.4	47.2	track
9.7	519.2	44.0	50.3	track
8.3	519.2	41.7	48.1	track
10.7	521.2	42.6	49.0	track
9.2	519.5	42.0	48.1	track
10.0	518.5	43.1	50.1	track
6.6	518.7	42.7	46.6	track
11.0	520.1	41.4	48.0	track
8.5	519.4	42.6	47.4	track
10.2	521.3	42.0	48.4	track
8.9	520.7	42.3	46.1	track
8.8	520.0	42.4	49.3	track
87.0	578.0	38.0	42.0	redetect
90.3	574.2	31.3	48.7	track
91.3	573.9	30.6	49.1	track
89.4	575.3	32.0	47.2	track
90.8	574.2	31.2	48.4	track
90.9	574.6	31.2	48.3	track
90.7	574.5	31.5	47.4	track
90.5	574.1	31.1	47.9	track
90.1	573.9	31.1	47.9	track
90.7	574.9	31.4	48.0	track
90.8	574.8	31.1	48.1	track
89.1	576.5	32.5	46.8	track
90.0	577.4	31.4	46.9	track
89.1	578.7	32.2	44.8	track
89.5	579.3	31.8	44.8	track
89.9	581.2	32.6	45.1	track
90.0	582.9	32.0	42.8	track
89.3	583.9	32.3	44.6	track
91.2	586.0	31.6	43.6	track
90.3	587.7	32.3	44.6	track
90.4	589.2	31.4	44.8	track
90.0	590.8	31.8	45.7	track
90.9	594.0	32.2	43.8	track
89.7	597.6	33.3	40.6	track
89.6	599.7	33.7	39.0	track
87.8	602.7	36.4	37.1	track
86.9	605.3	37.4	34.7	track
84.6	605.8	41.9	34.2	track
86.7	611.4	37.2	28.6	track
68.0	618.0	38.0	42.0	redetect
41.9	630.0	89.5	10.0	track
36.7	630.0	97.0	10.0	track
36.9	630.0	96.8	10.0	track
-12.0	602.0	38.0	42.0	redetect
0.0	606.4	27.5	33.6	track
0.0	603.6	21.2	36.4	track
0.0	608.8	20.0	31.2	track
0.0	611.7	19.3	28.3	track
9.0	592.0	38.0	42.0	redetect
12.2	592.8	31.4	46.5	track
12.7	596.9	31.3	42.1	track
11.4	601.9	31.4	38.1	track
10.1	606.5	32.8	33.5	track
10.5	608.4	31.8	31.6	track
10.8	610.7	29.3	29.3	track
11.8	612.5	29.7	27.5	track
12.2	613.1	26.9	26.9	track
11.8	613.4	26.0	26.6	track
9.9	613.9	27.4	26.1	track
7.2	612.4	26.6	27.6	track
8.8	612.4	26.6	27.6	track
5.6	612.0	25.5	28.0	track
6.0	615.9	27.3	24.1	track
-5.0	618.0	38.0	42.0	redetect
0.0	623.8	41.7	16.2	track
0.0	627.0	36.2	13.0	track
-19.0	618.0	38.0	42.0	redetect
0.0	621.3	31.7	18.7	track
73.0	531.0	38.0	42.0	redetect
70.9	537.5	42.5	37.4	track
71.6	542.4	40.2	38.7	track
70.3	548.0	40.4	38.4	track
70.2	553.9	40.0	38.7	track
70.2	560.7	40.0	38.0	track
69.0	566.1	41.6	37.9	track
68.6	571.6	41.9	37.7	track
68.4	577.9	41.0	37.8	track
67.9	583.2	41.5	37.4	track
68.4	588.3	40.2	37.0	track
69.1	593.8	39.6	38.9	track
68.6	597.9	41.3	38.7	track
67.8	604.4	42.8	35.2	track
67.3	606.8	45.9	33.2	track
67.3	611.2	46.8	28.8	track
30.0	557.0	38.0	42.0	redetect
32.0	560.5	35.0	43.8	track
32.3	564.4	34.8	44.2	track
32.6	568.7	34.7	43.8	track
33.2	573.1	34.8	43.8	track
33.6	577.2	34.2	44.2	track
33.3	580.7	34.1	44.4	track
33.1	584.0	34.3	44.2	track
33.4	587.6	34.8	44.5	track
33.7	590.7	33.9	44.6	track
33.7	594.9	34.3	42.5	track
34.0	598.4	34.2	39.5	track
34.1	602.0	34.8	37.8	track
34.6	604.6	35.0	35.4	track
33.5	607.6	35.4	32.4	track
33.7	610.6	34.9	29.4	track
32.6	612.8	35.4	27.2	track
33.0	614.2	33.6	25.8	track
31.3	616.2	35.9	23.8	track
31.5	617.5	35.1	22.5	track
45.0	593.0	38.0	42.0	redetect
45.6	594.7	36.5	42.7	track
45.3	597.2	36.1	40.6	track
45.8	598.4	36.2	39.2	track
45.5	601.0	34.9	38.3	track
44.9	602.1	34.6	36.6	track
44.6	603.5	34.4	35.9	track
44.8	604.2	33.7	35.4	track
44.2	606.1	32.8	33.9	track
43.8	607.0	31.2	32.8	track
44.3	608.2	31.9	31.8	track
43.1	609.0	31.5	30.8	track
42.4	609.4	31.6	30.5	track
42.1	610.9	30.6	29.1	track
44.3	612.4	28.6	27.6	track
42.6	611.6	28.7	28.3	track
43.0	612.0	27.8	27.8	track
42.3	612.3	27.4	27.6	track
41.9	612.6	27.0	27.1	track
42.1	613.3	26.8	26.4	track
42.5	613.5	25.8	26.5	track
42.0	613.7	25.6	26.3	track
41.8	613.6	25.5	26.4	track
41.1	613.8	25.5	26.2	track
41.1	614.3	25.9	25.7	track
41.8	613.9	25.3	26.1	track
40.7	614.3	25.5	25.7	track
40.8	613.8	25.5	26.1	track
40.4	614.0	24.9	25.7	track
40.9	613.5	25.3	26.5	track
39.6	614.3	25.1	25.2	track
39.8	614.1	25.1	25.9	track
39.6	613.4	25.7	26.4	track
39.1	613.2	26.1	26.8	track
39.2	613.4	25.8	26.2	track
39.3	614.2	25.0	25.8	track
38.4	614.1	25.6	25.8	track
38.4	613.6	25.9	26.2	track
37.7	613.5	26.0	26.5	track
38.1	613.4	26.1	26.6	track
37.2	612.9	26.6	26.9	track
37.8	614.6	25.5	25.4	track
37.1	614.2	26.0	25.8	track
37.3	613.6	26.0	26.4	track
38.0	618.0	38.0	42.0	redetect
-19.0	577.0	38.0	42.0	redetect
0.0	524.2	10.0	105.2	track
49.0	499.0	38.0	42.0	redetect
126.0	512.0	38.0	42.0	redetect
132.0	517.6	27.3	50.3	track
133.1	521.0	25.1	44.9	track
134.1	519.0	23.7	45.2	track
134.4	517.6	21.9	48.1	track
134.1	514.9	22.7	49.8	track
132.0	523.0	24.6	44.8	track
133.8	521.7	24.0	44.1	track
133.9	516.5	22.7	48.6	track
101.0	446.0	38.0	42.0	redetect
99.3	446.7	40.6	38.8	track
99.7	445.7	39.2	40.4	track
100.4	445.9	38.3	41.3	track
99.1	446.1	39.9	39.6	track
100.1	445.8	37.2	42.6	track
98.7	447.2	39.9	39.5	track
100.6	446.4	38.2	41.9	track
99.0	447.1	40.8	38.8	track
99.6	446.7	39.9	39.5	track
100.6	445.8	37.8	41.7	track
100.4	447.1	38.6	40.2	track
99.6	447.7	40.2	38.4	track
99.6	447.4	40.2	38.4	track
99.6	447.2	40.2	38.4	track
100.3	446.6	38.2	41.6	track
99.7	448.3	40.5	38.4	track
100.5	447.1	39.4	38.5	track
101.1	446.5	37.8	41.4	track
99.6	447.8	40.5	37.8	track
100.9	446.9	38.3	40.6	track
99.8	447.8	40.4	38.3	track
99.7	447.6	40.5	38.1	track
99.7	447.3	40.5	38.1	track
100.4	446.6	38.5	41.6	track
99.1	447.9	40.7	38.4	track
171.0	523.0	38.0	42.0	redetect
174.4	517.9	30.3	50.8	track
173.9	518.0	30.2	50.7	track
174.0	517.6	30.1	50.4	track
174.8	516.9	29.6	51.2	track
174.3	518.2	29.8	51.1	track
174.0	518.0	30.1	50.4	track
175.0	517.5	29.5	50.7	track
175.0	518.0	29.8	50.5	track
174.7	518.0	29.9	50.5	track
174.3	518.0	30.1	50.2	track
175.4	517.3	29.6	50.8	track
175.1	517.1	29.7	51.1	track
174.9	516.9	29.7	51.1	track
174.7	518.0	29.7	51.3	track
175.2	517.2	29.3	51.5	track
175.3	517.0	29.2	51.6	track
174.4	517.8	30.2	50.8	track
174.0	518.0	30.3	50.8	track
172.9	518.8	30.7	51.5	track
172.0	520.1	32.6	48.0	track
170.9	520.4	32.2	50.3	track
170.4	521.0	31.7	49.7	track
166.9	524.5	35.9	47.5	track
166.0	525.2	35.6	46.4	track
164.6	526.9	36.7	46.0	track
162.6	528.7	37.9	45.3	track
160.9	529.4	35.2	47.6	track
160.0	529.7	34.9	47.4	track
158.1	532.7	36.8	46.0	track
156.4	535.2	35.9	44.9	track
154.5	536.7	35.8	45.3	track
153.0	540.0	36.5	44.1	track
150.5	539.5	34.4	46.9	track
149.5	544.4	35.7	44.1	track
146.5	544.7	35.2	46.3	track
145.6	547.3	34.7	45.9	track
143.2	550.1	33.8	46.5	track
139.9	553.2	36.1	44.5	track
140.2	555.3	33.4	46.6	track
137.2	557.2	33.7	48.3	track
136.0	561.3	32.4	47.0	track
133.1	564.8	33.4	46.4	track
131.2	567.5	33.2	46.7	track
129.6	569.4	31.2	50.0	track
128.4	574.1	30.3	49.4	track
125.5	577.0	30.6	50.3	track
125.1	579.6	28.6	50.9	track
121.0	584.0	29.3	50.5	track
116.6	590.6	35.8	47.6	track
116.7	593.3	32.1	46.7	track
109.3	600.2	39.7	39.8	track
136.0	555.0	38.0	42.0	redetect
135.7	557.9	33.4	44.0	track
133.2	563.1	34.6	42.3	track
130.9	567.3	33.9	43.8	track
129.4	572.5	34.8	42.5	track
127.3	576.9	33.9	43.6	track
125.9	582.5	34.2	42.4	track
123.5	587.2	34.4	44.2	track
122.2	592.8	33.3	45.0	track
119.0	598.0	34.8	40.6	track
116.6	604.1	37.3	35.9	track
123.0	523.0	38.0	42.0	redetect
126.5	523.2	30.3	51.6	track
123.1	529.9	32.6	49.0	track
122.3	537.6	31.1	49.1	track
119.0	543.4	33.9	47.0	track
118.3	548.9	31.4	49.7	track
117.2	555.5	31.4	49.8	track
114.3	561.8	32.1	49.6	track
114.1	566.3	30.8	52.2	track
110.8	575.6	31.6	48.3	track
111.9	580.2	28.9	52.5	track
107.9	589.0	31.3	49.2	track
105.3	595.7	33.7	43.6	track
105.3	603.2	32.5	36.8	track
101.2	609.9	36.6	30.1	track
147.0	591.0	38.0	42.0	redetect
149.7	596.6	29.3	42.8	track
149.4	605.6	28.6	34.3	track
148.2	611.8	28.8	28.2	track
132.0	618.0	38.0	42.0	redetect
114.0	627.6	62.5	12.4	track
186.0	618.0	38.0	42.0	redetect
173.9	628.2	58.2	11.8	track
152.0	535.0	38.0	42.0	redetect
153.4	540.7	33.6	44.9	track
152.6	548.9	33.6	45.3	track
152.0	556.8	33.3	45.4	track
150.7	563.7	32.7	47.7	track
149.7	570.8	32.6	48.1	track
149.8	579.4	32.4	47.1	track
149.5	586.5	31.2	49.2	track
147.8	595.4	33.7	42.7	track
146.3	604.7	36.6	35.3	track
218.0	583.0	38.0	42.0	redetect
219.7	589.9	34.3	43.6	track
139.0	585.0	38.0	42.0	redetect
134.7	588.4	36.7	39.7	track
133.0	587.4	37.0	40.2	track
133.1	588.4	36.2	40.3	track
132.9	588.2	35.9	40.6	track
133.2	588.6	36.6	40.1	track
132.5	587.6	35.8	40.3	track
132.6	589.4	37.4	39.0	track
132.1	589.6	36.1	39.3	track
132.8	587.4	35.0	41.0	track
132.4	590.0	36.4	39.2	track
132.4	588.2	34.6	40.7	track
132.2	590.4	36.8	38.9	track
132.5	588.6	33.9	41.4	track
132.4	591.0	36.8	38.9	track
132.7	589.3	33.1	42.2	track
133.1	588.8	32.8	43.2	track
132.5	587.8	32.7	43.5	track
133.0	590.2	33.8	41.6	track
132.5	587.7	32.2	44.3	track
132.2	588.8	33.2	42.4	track
132.7	587.9	33.5	42.8	track
132.3	591.2	34.5	39.8	track
131.0	587.5	33.9	42.5	track
127.6	589.3	33.8	41.7	track
119.9	593.2	37.7	39.6	track
109.8	594.7	33.9	39.2	track
93.6	599.2	34.5	38.1	track
75.7	602.3	33.1	37.7	track
52.5	608.7	40.8	31.3	track
34.0	618.0	38.0	42.0	redetect
-19.0	544.0	38.0	42.0	redetect
41.0	482.0	38.0	42.0	redetect
7.2	498.3	69.8	22.7	track
0.0	503.1	55.8	24.8	track
-19.0	467.0	38.0	42.0	redetect
0.0	444.4	10.0	95.5	track
52.0	470.0	38.0	42.0	redetect
46.8	474.3	48.1	32.9	track
46.7	474.2	48.1	32.9	track
46.0	474.2	48.1	32.5	track
46.0	474.7	47.6	32.6	track
46.3	474.6	46.9	33.6	track
47.0	474.5	46.9	33.5	track
46.9	474.7	46.6	33.8	track
46.6	475.5	46.5	33.6	track
47.2	475.2	46.9	33.7	track
47.0	475.3	46.9	33.5	track
47.1	475.6	46.7	33.6	track
47.0	475.9	46.7	33.6	track
46.9	476.2	46.7	33.6	track
46.6	476.4	46.9	33.6	track
46.3	476.0	47.4	33.2	track
47.1	475.9	47.1	34.1	track
46.9	476.3	47.0	33.7	track
47.3	476.0	47.2	33.6	track
46.6	475.9	47.2	33.1	track
46.5	475.9	46.9	33.5	track
47.1	475.7	47.1	34.0	track
47.2	476.5	47.0	34.0	track
46.0	477.7	46.8	33.4	track
46.6	477.3	47.7	34.1	track
47.1	479.0	47.0	34.0	track
46.8	480.0	47.0	34.1	track
47.3	480.4	46.7	34.5	track
48.1	483.0	46.8	33.9	track
48.0	483.8	46.9	34.3	track
47.6	485.8	46.9	34.2	track
47.6	487.6	47.0	34.0	track
47.8	489.6	47.1	33.6	track
48.6	491.8	47.8	33.6	track
48.2	493.3	46.8	33.2	track
47.7	495.3	46.6	34.4	track
48.7	496.9	47.7	34.9	track
48.4	499.7	46.9	35.0	track
48.9	502.1	47.4	34.5	track
49.4	504.6	45.8	35.4	track
49.5	507.1	46.1	36.0	track
49.0	509.3	46.3	35.7	track
49.3	512.2	46.0	36.1	track
49.8	515.8	46.6	35.8	track
49.4	518.5	46.5	35.7	track
49.8	521.6	46.1	36.2	track
49.5	525.2	46.7	35.8	track
49.6	528.5	46.4	36.0	track
49.5	532.8	45.8	35.6	track
49.4	535.2	45.4	35.8	track
48.7	539.9	47.1	35.2	track
49.3	543.9	46.1	35.4	track
50.1	546.8	44.9	36.4	track
48.6	551.7	45.7	35.6	track
48.3	555.8	47.3	36.4	track
48.9	559.9	46.0	36.2	track
47.5	564.7	47.0	35.6	track
47.3	568.8	47.1	36.7	track
48.4	572.8	46.4	37.1	track
46.5	578.4	46.6	36.0	track
45.8	583.3	47.2	36.3	track
48.5	587.1	45.4	37.1	track
46.6	592.7	43.9	37.5	track
47.9	597.5	44.4	37.7	track
45.9	604.2	46.5	34.6	track
45.9	608.5	46.1	30.8	track
68.0	608.0	38.0	42.0	redetect
57.8	620.6	61.4	19.4	track
60.7	623.7	55.9	16.3	track
104.0	550.0	38.0	42.0	redetect
101.8	556.9	41.9	38.6	track
102.6	562.0	40.8	39.9	track
102.1	568.3	40.4	39.7	track
101.3	574.1	41.2	39.9	track
102.9	578.8	39.1	43.6	track
102.6	585.5	39.1	42.5	track
102.3	591.2	38.5	44.5	track
98.1	600.3	45.0	39.6	track
97.9	605.0	44.6	35.0	track
94.4	613.0	47.7	27.0	track
101.0	618.0	38.0	42.0	redetect
89.7	630.0	62.6	10.0	track
131.0	549.0	38.0	42.0	redetect
136.3	546.3	27.2	58.6	track
136.1	553.3	27.0	58.6	track
135.5	560.0	27.0	59.1	track
135.4	566.2	26.0	61.5	track
135.2	574.6	25.8	61.5	track
133.7	584.7	28.2	54.6	track
131.9	592.4	30.6	47.6	track
130.6	599.9	31.0	40.1	track
132.0	520.0	38.0	42.0	redetect
129.7	529.7	41.8	38.2	track
128.0	537.3	44.3	36.9	track
129.3	545.0	42.0	38.3	track
127.4	552.7	43.9	37.0	track
133.1	555.6	32.9	49.8	track
131.0	565.4	35.2	46.1	track
129.9	573.5	36.2	45.6	track
129.4	581.5	36.5	44.5	track
132.0	587.7	30.5	48.6	track
127.3	601.4	38.6	36.3	track
121.8	612.3	47.7	26.2	track
123.9	616.1	42.5	23.9	track
203.0	574.0	38.0	42.0	redetect
202.9	582.8	37.8	40.6	track
202.7	591.0	37.3	40.4	track
201.7	601.6	38.6	37.2	track
200.2	611.7	41.7	28.3	track
220.0	603.0	38.0	42.0	redetect
210.6	615.8	54.1	24.2	track
229.0	580.0	38.0	42.0	redetect
233.5	584.0	28.5	50.7	track
228.0	599.3	36.9	37.9	track
224.9	609.5	40.5	30.3	track
273.0	556.0	38.0	42.0	redetect
279.1	554.9	25.3	62.0	track
279.3	564.0	24.3	63.6	track
278.5	575.3	24.8	58.5	track
277.4	588.0	27.2	49.5	track
274.8	599.7	31.9	40.3	track
272.4	609.9	36.2	30.1	track
241.0	558.0	38.0	42.0	redetect
245.5	558.5	27.2	60.1	track
245.2	569.4	26.9	59.7	track
245.0	579.4	26.9	58.1	track
242.4	590.7	30.2	49.2	track
239.3	601.9	32.3	37.7	track
238.9	610.9	32.7	29.1	track
266.0	618.0	38.0	42.0	redetect
248.6	630.0	77.8	10.0	track
266.0	536.0	38.0	42.0	redetect
269.5	539.6	31.7	50.4	track
268.8	548.2	31.0	50.2	track
268.7	556.0	31.8	50.0	track
266.8	565.3	33.0	47.2	track
267.0	572.9	34.1	47.5	track
266.4	580.3	31.2	47.9	track
267.5	587.0	30.8	47.3	track
266.3	595.5	33.0	44.1	track
264.3	604.2	34.1	35.8	track
260.9	609.3	39.0	30.7	track
256.6	616.1	44.9	23.9	track
275.0	603.0	38.0	42.0	redetect
271.4	613.8	45.7	26.2	track
274.2	619.9	40.0	20.1	track
271.0	539.0	38.0	42.0	redetect
270.7	544.5	37.4	41.0	track
270.4	549.5	36.5	41.6	track
270.7	553.6	35.9	42.6	track
270.4	558.2	35.9	42.7	track
270.0	562.9	35.8	42.0	track
269.5	565.8	35.8	43.3	track
268.2	572.7	39.1	39.6	track
269.4	575.0	36.3	42.0	track
269.6	577.6	37.4	41.5	track
274.3	582.6	38.0	40.6	track
281.3	587.3	37.4	39.5	track
291.6	592.4	41.5	36.4	track
306.5	594.5	42.4	37.9	track
321.6	603.3	37.2	32.7	track
243.0	535.0	38.0	42.0	redetect
261.6	541.0	47.5	32.9	track
285.3	544.0	46.3	32.7	track
308.4	547.9	46.5	32.6	track
324.8	547.9	33.4	34.7	track
270.0	508.0	38.0	42.0	redetect
272.2	515.7	55.9	29.7	track
278.4	516.7	53.8	30.8	track
279.6	516.3	54.3	31.0	track
279.7	517.1	54.4	31.4	track
279.6	516.9	53.1	30.7	track
278.8	518.2	53.7	30.1	track
278.5	517.2	52.5	30.3	track
276.4	518.4	54.2	29.9	track
