172.00	358.00	22.00	28.00
174.00	355.18	17.90	34.06
174.57	355.48	17.98	33.67
174.57	356.00	17.35	35.14
174.51	356.65	17.11	35.00
174.74	357.52	17.55	33.66
174.61	357.73	16.93	35.60
174.43	357.96	17.34	34.71
174.40	357.99	17.37	34.42
174.63	358.84	17.57	34.47
174.62	358.42	17.45	34.22
175.05	358.67	17.49	33.10
175.13	359.21	17.55	34.10
175.16	359.88	16.83	34.24
174.83	358.99	17.63	34.15
175.14	359.45	17.13	33.79
174.90	359.84	17.45	33.61
174.77	360.14	17.48	33.79
174.65	360.12	16.81	34.24
174.20	360.50	17.89	33.54
174.55	360.44	17.47	33.46
173.98	359.97	17.56	33.75
174.08	360.29	17.43	33.71
174.10	360.52	17.63	32.91
174.54	361.48	17.69	34.18
174.03	360.54	17.38	34.88
174.25	361.71	17.43	33.15
173.88	361.03	17.73	33.27
173.51	360.80	17.18	33.67
173.38	361.54	17.41	33.82
173.74	361.72	17.07	33.20
172.98	361.73	18.24	33.00
173.05	360.98	17.33	33.89
173.55	362.23	17.92	33.32
172.58	361.11	17.70	34.19
173.17	360.81	17.10	33.75
173.37	361.41	17.40	34.19
172.99	360.49	17.44	34.71
173.43	361.88	17.33	33.87
172.30	361.26	17.51	34.25
172.68	361.77	17.60	32.85
172.05	360.92	17.87	33.53
172.31	360.89	17.94	33.02
172.93	361.69	17.93	33.67
172.49	360.76	18.49	33.89
173.02	361.51	18.00	33.21
172.58	360.56	18.38	33.73
172.92	361.45	17.98	33.44
172.76	359.61	18.45	34.70
173.18	360.56	18.14	33.78
173.33	360.72	18.03	33.68
172.73	359.58	18.50	34.56
172.95	359.48	18.52	34.16
172.81	359.61	18.54	34.01
172.42	359.41	18.86	34.09
173.23	359.52	18.04	34.21
172.85	358.32	18.83	34.53
173.26	358.80	18.22	34.50
172.46	357.94	19.13	34.23
172.44	357.56	18.77	34.56
172.68	357.36	18.53	34.79
172.85	357.17	18.41	34.61
172.39	357.18	18.45	34.93
172.27	356.58	18.74	34.78
173.12	356.96	18.17	36.36
172.12	355.99	19.70	35.44
172.69	355.36	19.74	35.73
172.37	355.49	20.11	34.93
172.80	356.13	19.86	36.20
171.72	355.14	21.14	35.63
173.19	354.47	19.95	37.49
172.61	354.24	21.12	37.94
173.02	353.35	20.82	39.12
172.34	353.30	21.66	38.25
172.98	353.19	21.29	39.93
173.20	352.50	21.86	39.22
173.23	352.42	22.49	40.78
173.16	354.03	24.45	38.99
173.64	353.09	23.79	39.91
172.04	352.88	24.00	40.75
172.28	352.75	25.48	39.23
172.49	352.79	25.71	39.98
172.85	352.73	26.50	39.00
172.94	350.88	25.97	39.76
173.34	350.12	26.40	42.68
173.61	351.04	27.22	40.78
173.74	351.76	28.57	41.98
173.93	352.48	28.52	41.04
169.09	350.44	26.20	36.83
170.10	348.10	26.26	39.11
171.01	347.74	26.65	41.19
171.00	348.90	27.24	41.78
170.82	347.55	27.96	42.62
171.72	348.55	28.33	41.23
170.63	347.57	28.37	35.23
171.24	346.82	26.67	36.16
171.04	347.68	24.62	34.77
171.11	346.67	25.84	34.79
170.41	345.42	22.45	34.78
170.46	346.05	22.36	33.62
170.49	345.80	21.57	34.40
170.30	346.08	20.77	34.93
169.79	344.34	19.22	37.06
169.45	345.01	19.99	34.05
168.85	343.85	20.85	35.14
168.95	344.40	20.40	34.03
169.34	344.44	20.02	33.20
169.35	343.72	19.85	34.04
168.95	343.35	20.07	34.00
169.01	342.99	20.60	33.46
169.74	342.80	19.36	34.38
169.33	342.75	19.57	34.45
168.93	342.63	19.63	34.64
169.03	342.75	19.66	34.06
168.36	342.11	20.05	35.08
168.23	342.03	20.02	33.75
168.61	341.75	20.01	34.18
169.10	341.77	19.85	33.70
168.56	340.51	20.17	35.29
168.43	340.61	20.92	33.66
169.27	340.92	19.82	32.54
169.80	340.42	19.47	34.79
169.12	340.52	20.17	34.49
168.77	339.79	20.54	34.86
168.88	340.33	20.88	33.75
168.28	339.57	21.04	33.51
168.80	339.72	20.78	31.63
169.24	338.57	20.20	34.49
168.84	338.94	20.85	33.07
169.35	338.92	20.89	33.42
167.98	339.03	22.28	31.41
169.00	338.55	21.01	31.92
167.68	338.09	22.54	31.13
169.19	337.21	20.97	32.76
169.82	336.46	20.62	35.72
167.77	338.15	24.22	29.46
169.11	337.81	22.05	32.79
168.49	337.86	22.78	30.41
168.85	336.76	22.43	30.84
168.53	336.94	22.99	32.45
168.96	337.03	22.58	30.34
168.31	336.34	23.66	30.47
168.56	336.14	23.25	31.20
167.72	335.84	24.66	31.76
163.70	335.33	27.21	30.63
160.85	336.07	25.88	30.18
155.73	336.58	23.88	35.00
148.66	335.70	26.71	31.82
139.50	337.29	29.08	29.13
130.16	338.30	27.62	29.77
124.22	338.19	28.69	29.18
113.14	340.54	30.53	27.13
103.89	341.87	31.53	25.80
92.35	340.88	35.02	26.89
92.58	343.87	32.20	25.48
92.98	346.47	28.80	25.32
91.60	347.60	28.43	26.30
90.63	345.68	26.54	26.99
89.66	346.75	25.64	24.89
90.99	346.69	29.23	25.68
90.42	347.29	27.41	26.33
90.98	347.63	26.61	25.67
90.45	347.50	27.82	25.46
89.79	347.60	25.69	26.17
89.37	348.00	26.50	24.06
89.88	348.28	26.54	24.30
90.41	348.67	26.44	24.34
89.09	348.31	26.16	25.04
89.76	349.40	26.89	24.92
90.18	346.54	24.72	22.23
90.90	347.25	22.20	23.66
90.30	348.29	26.95	25.84
89.01	348.77	24.28	26.88
87.43	348.91	27.03	23.81
87.81	349.00	27.51	23.98
88.09	349.14	26.53	24.28
87.85	349.47	26.41	24.29
86.87	349.30	26.05	24.70
87.49	350.08	26.85	24.53
86.70	348.58	25.76	23.66
87.73	348.78	28.60	23.87
86.92	348.60	20.96	25.12
86.21	347.74	23.63	23.84
86.93	349.21	23.62	22.44
87.37	349.02	24.33	22.55
87.33	349.26	23.76	22.86
87.00	348.99	26.17	22.64
82.15	350.07	29.46	24.59
79.23	350.87	28.71	25.10
72.61	353.10	29.60	26.48
65.54	356.54	30.42	24.12
57.85	358.67	30.86	27.12
50.74	362.89	28.44	26.22
43.59	366.83	30.04	26.70
33.64	372.34	29.56	26.89
31.33	374.04	27.89	27.48
21.67	378.86	31.38	29.70
19.77	380.09	27.52	28.54
5.91	358.70	27.42	25.48
6.84	360.03	25.75	24.61
9.31	361.56	23.23	21.94
10.09	362.30	21.75	19.97
9.06	362.99	22.61	18.69
8.74	362.82	22.80	19.68
8.26	363.01	23.05	19.96
9.14	363.01	22.45	19.39
10.43	362.55	22.08	19.19
10.01	361.64	21.73	20.52
8.60	363.05	23.66	19.18
9.99	362.29	22.37	19.61
8.62	362.55	23.10	19.41
8.17	362.42	22.81	19.74
9.20	363.62	21.92	19.42
7.45	364.56	23.70	19.05
8.26	364.96	22.29	19.63
8.89	365.95	21.55	19.83
8.63	367.31	21.70	19.58
8.06	368.26	22.56	19.13
9.03	369.32	21.15	19.84
7.90	370.91	21.02	20.07
8.65	373.06	20.72	19.78
6.60	374.12	22.44	21.60
8.25	375.96	23.54	21.83
7.24	377.43	23.56	21.05
7.74	379.41	22.53	21.88
7.54	381.96	22.69	19.83
8.38	384.61	21.00	19.86
7.90	385.78	21.21	20.43
7.57	388.76	21.48	19.59
7.21	391.43	21.66	19.76
7.23	394.09	21.06	19.86
6.97	396.52	21.57	19.82
7.34	399.31	21.63	19.50
6.28	401.67	22.15	19.61
8.10	406.10	23.24	19.62
5.49	407.23	25.25	20.37
8.62	410.99	22.62	20.72
6.86	413.52	23.47	19.75
8.03	417.26	23.05	19.73
7.07	420.72	23.33	21.06
6.43	422.94	23.06	21.03
7.15	426.90	23.72	20.48
1.98	428.02	25.77	22.43
1.42	405.59	17.59	38.62
5.89	436.46	27.12	24.12
8.35	440.92	24.36	26.24
2.21	442.76	31.40	25.48
6.20	448.78	30.00	29.83
3.89	448.38	29.68	29.04
5.72	455.97	30.10	29.15
6.55	460.55	27.72	26.89
5.80	463.71	27.38	25.64
9.20	468.22	25.76	28.91
0.27	467.58	30.06	28.60
2.85	474.01	32.25	31.00
17.27	502.53	26.93	29.67
14.02	506.47	28.12	27.85
17.85	509.65	25.45	27.75
16.05	513.19	27.33	28.07
15.93	516.29	26.73	29.51
19.27	519.21	25.79	29.20
13.85	522.54	28.23	28.11
7.40	502.74	28.06	24.51
7.17	506.26	28.07	29.18
5.23	508.16	28.85	27.38
8.06	510.60	28.56	34.55
7.39	512.50	31.44	30.01
0.00	508.77	33.90	37.36
1.13	513.26	39.70	46.07
3.83	517.00	34.84	39.01
7.15	518.33	34.73	35.87
15.01	544.20	28.20	33.37
15.19	543.60	29.92	33.20
11.30	541.50	32.71	34.92
16.17	536.81	28.98	32.00
13.31	533.62	34.94	35.13
20.26	528.93	30.00	31.46
21.01	525.90	33.55	32.15
26.25	524.08	30.66	30.13
23.42	492.78	23.24	30.79
22.95	492.05	24.03	30.79
23.93	489.75	24.42	32.81
21.31	488.93	27.30	34.06
21.68	491.02	28.86	33.93
20.04	491.77	31.17	34.16
20.03	493.03	31.12	34.44
20.63	492.21	31.57	35.54
21.32	494.92	30.30	33.33
20.67	492.73	30.03	35.03
19.18	493.95	31.75	35.70
19.59	493.83	31.74	35.65
19.63	495.41	31.26	34.79
21.56	494.28	29.20	35.51
19.27	527.66	33.58	32.34
19.58	527.41	32.91	30.00
24.35	529.25	29.87	30.73
21.36	528.67	32.57	31.55
20.56	528.09	32.01	31.85
18.95	528.61	32.65	31.88
18.16	528.32	33.70	30.57
17.91	529.44	33.26	32.03
18.80	527.79	32.54	31.27
17.66	526.11	33.34	31.71
22.90	524.23	32.05	29.30
27.09	519.46	26.35	33.77
28.32	516.43	27.41	31.35
26.75	511.17	30.42	33.24
30.04	506.90	27.83	35.98
35.20	502.96	26.13	32.99
32.83	499.39	31.04	28.86
33.21	494.80	30.22	31.69
39.25	492.02	25.36	34.25
39.90	490.24	23.52	33.55
39.23	490.58	24.75	29.82
37.01	491.60	26.88	29.16
38.91	491.76	24.56	29.95
36.10	491.41	27.30	30.53
37.30	490.02	26.00	30.65
33.42	491.57	29.44	31.75
38.00	489.84	23.40	32.68
35.48	490.78	27.23	30.66
33.02	491.73	29.32	30.00
36.12	490.19	25.16	32.78
31.99	490.56	29.60	32.31
34.37	489.31	26.18	33.73
30.69	490.35	30.18	32.37
32.36	489.71	27.68	33.51
32.67	490.86	27.40	31.79
29.03	490.95	30.50	32.20
32.89	490.38	25.01	32.13
29.57	490.75	28.52	32.04
32.38	489.96	24.86	33.62
28.60	489.86	29.42	31.76
29.74	490.68	27.08	32.10
31.33	488.80	24.66	32.91
26.43	490.78	29.19	34.26
30.30	490.00	24.24	32.74
28.10	489.73	27.01	31.13
26.56	490.68	27.90	33.28
29.88	489.19	23.56	32.48
26.74	490.41	27.26	30.77
28.40	489.44	25.45	30.58
25.42	490.96	28.49	31.15
28.33	488.51	24.85	31.74
24.41	491.21	30.02	30.76
27.67	488.32	25.05	32.06
23.67	491.57	29.70	31.05
24.72	489.06	27.68	31.94
23.23	489.68	29.01	31.91
23.34	488.99	28.47	30.96
24.00	489.94	27.67	31.30
22.11	488.92	29.78	30.86
22.74	490.66	28.31	31.61
21.25	489.38	29.91	30.28
20.75	489.38	29.80	30.85
20.72	488.87	29.61	30.29
20.34	489.63	29.22	31.87
23.22	487.92	26.00	31.20
19.97	488.67	28.88	31.22
20.72	488.21	28.24	29.86
20.38	488.07	27.89	30.63
19.15	488.35	28.20	31.13
20.38	488.54	26.79	30.56
20.06	488.09	27.45	29.81
19.74	488.40	28.22	30.69
18.41	486.99	28.70	32.55
20.06	486.89	27.41	30.42
17.69	488.28	29.45	31.84
20.26	485.65	25.56	32.27
17.23	488.16	29.41	31.04
19.73	486.62	26.12	31.26
17.67	485.56	28.26	32.05
18.31	486.39	28.24	30.93
16.09	486.27	29.53	31.33
17.12	485.38	28.35	30.86
16.63	486.47	29.11	30.48
16.77	484.61	28.09	30.96
16.72	485.51	27.96	30.94
13.81	484.18	29.40	33.10
18.14	485.53	24.54	33.29
17.39	482.76	24.63	34.48
15.06	485.61	29.00	31.87
13.66	483.97	29.47	33.30
17.47	482.97	25.55	33.23
13.96	485.36	29.87	32.40
14.60	483.67	28.47	33.01
13.30	483.37	30.23	31.31
14.90	484.70	28.76	30.48
12.89	485.12	30.22	32.94
11.58	483.63	31.34	33.59
13.46	483.84	29.58	31.80
11.43	484.81	30.89	33.37
13.27	482.37	28.50	35.51
9.51	484.33	32.42	33.26
11.69	483.04	29.74	34.30
9.56	483.83	31.69	33.52
10.18	483.15	30.25	36.09
11.42	482.19	29.78	35.61
6.86	484.89	33.73	33.67
10.13	482.42	29.33	35.68
7.97	483.82	32.95	33.49
8.55	482.67	32.07	33.99
8.35	482.72	32.18	34.41
9.19	481.84	31.32	34.50
5.65	483.85	33.14	33.87
8.52	482.33	30.13	33.35
5.87	482.60	32.42	33.51
9.23	482.94	28.92	33.69
2.33	483.68	34.93	35.36
6.00	482.16	30.23	35.73
8.00	481.42	28.97	35.00
5.22	482.24	32.77	34.19
5.79	481.95	32.26	33.94
6.42	482.04	31.93	33.96
4.38	482.32	33.17	33.77
5.30	481.41	32.10	33.38
4.29	482.13	32.27	32.39
6.68	481.72	29.84	32.66
2.30	483.12	33.74	32.89
5.14	479.84	29.80	36.86
3.07	481.32	32.45	33.37
5.78	481.33	29.86	33.36
2.02	482.29	33.42	33.11
3.64	480.39	31.97	34.50
3.06	482.92	32.24	32.94
1.80	481.36	33.16	34.72
4.20	480.67	31.65	33.99
1.86	481.79	32.79	35.42
1.49	480.56	33.29	35.54
2.40	481.42	32.25	34.62
0.75	480.81	33.64	35.63
0.37	481.45	33.39	35.91
0.52	480.52	33.28	36.64
0.89	481.00	33.07	36.85
1.13	481.47	33.24	36.80
0.56	480.31	32.45	37.82
1.39	480.47	32.68	36.75
0.56	481.86	32.28	37.54
0.31	479.90	33.26	39.07
0.99	480.95	32.64	37.44
4.33	447.79	29.91	31.83
0.50	419.78	25.77	33.25
0.00	420.45	23.50	35.71
0.03	454.89	27.00	27.73
0.00	460.13	22.94	30.29
0.82	464.94	21.19	33.41
0.00	464.41	19.92	39.85
30.90	450.45	29.40	31.07
24.03	456.35	31.85	32.07
19.27	462.06	32.06	33.06
18.95	467.77	29.51	34.75
13.31	474.07	29.10	33.99
11.43	480.98	29.47	33.12
6.74	484.84	29.47	36.68
4.89	490.48	30.22	33.83
2.99	493.13	30.77	36.23
3.67	493.28	29.93	32.23
3.67	493.61	28.69	32.13
3.05	493.62	29.00	32.02
2.65	493.50	28.89	31.98
3.85	493.71	28.29	34.03
4.04	493.50	28.87	32.49
2.59	494.41	29.04	32.42
2.96	493.63	28.79	32.72
3.12	494.44	29.02	32.74
2.98	493.83	28.44	31.31
3.68	494.24	28.60	33.77
4.02	493.28	28.82	31.79
3.26	494.75	29.15	32.34
3.44	494.19	29.27	32.50
2.63	493.95	30.17	32.68
2.37	493.17	30.14	33.14
2.91	493.04	30.13	33.92
2.64	492.79	30.02	33.41
3.13	492.80	30.11	33.92
2.86	492.55	30.02	33.41
3.08	492.56	30.02	33.99
2.52	492.40	29.92	33.40
2.70	492.41	30.03	33.98
2.05	494.02	30.02	34.10
2.74	493.05	30.24	33.76
2.23	494.65	29.96	33.72
2.67	493.97	29.76	33.89
2.21	496.67	28.10	33.16
2.53	497.31	28.62	33.25
2.22	498.72	29.10	33.26
2.71	499.91	28.90	33.44
2.07	502.03	28.65	33.85
2.16	503.50	28.90	33.67
2.45	504.53	28.82	33.60
3.09	507.09	27.90	33.81
1.91	509.31	28.65	34.30
2.78	511.45	28.74	34.49
2.37	511.89	29.88	34.06
3.17	515.60	28.24	36.43
1.70	517.67	29.72	33.79
2.65	520.35	27.79	35.94
2.39	522.13	28.18	35.96
3.58	525.45	26.78	40.04
2.36	527.38	28.61	36.47
2.00	530.87	27.73	36.46
2.49	534.02	27.18	38.21
2.47	537.00	28.01	35.56
3.24	541.03	27.38	37.91
3.55	544.58	26.95	37.06
1.89	547.27	28.16	35.60
4.54	551.00	27.28	39.03
2.74	554.97	27.67	35.66
3.10	558.50	27.81	39.13
3.41	563.33	28.42	35.82
3.76	566.88	27.61	37.67
2.56	570.99	28.29	35.27
4.40	575.08	27.83	38.45
2.17	577.65	29.46	35.64
3.39	581.61	29.23	39.03
3.04	582.30	29.63	35.60
2.66	582.77	29.91	33.64
2.97	583.47	29.70	32.51
2.33	583.30	29.23	32.44
1.76	582.30	29.24	30.64
1.88	581.22	29.66	33.99
1.44	581.74	30.35	34.72
1.46	582.31	33.87	38.90
4.73	583.56	44.59	53.44
7.75	544.69	51.63	43.92
6.72	543.26	52.02	46.61
9.27	497.91	60.21	60.16
37.42	443.20	57.49	68.43
30.48	447.09	63.28	68.00
31.59	452.38	60.13	67.48
30.24	457.49	62.19	68.04
29.60	462.46	60.86	68.54
29.68	467.72	60.48	69.47
32.23	475.05	57.54	69.95
29.80	482.97	59.44	66.27
31.02	488.31	57.32	66.73
27.12	491.74	61.08	68.70
33.00	499.24	55.05	67.00
28.03	504.63	59.18	66.73
30.69	510.85	56.33	65.39
28.84	514.50	58.82	67.62
30.88	520.24	56.24	66.05
29.21	523.58	60.05	69.62
30.16	528.29	58.24	68.47
28.35	532.19	60.56	69.91
32.22	537.07	56.15	69.14
29.73	541.94	58.62	68.81
30.29	546.92	57.60	68.28
27.25	549.20	64.39	70.78
29.76	553.12	61.66	67.37
27.55	556.41	62.75	67.35
28.14	556.66	62.94	74.51
29.90	558.79	62.02	75.15
30.49	558.54	65.78	78.59
27.31	564.60	77.91	72.25
26.93	569.94	84.56	69.75
22.97	566.18	82.04	71.41
23.56	571.89	94.97	67.44
21.84	569.05	79.76	70.95
25.39	572.08	80.09	67.11
28.42	573.34	85.23	66.29
15.97	561.70	85.22	76.05
15.24	568.16	103.27	71.84
8.48	564.71	94.53	72.60
10.49	558.80	113.89	79.88
44.90	488.68	170.76	117.60
63.54	429.18	259.03	181.82
86.08	274.15	196.00	309.01
10.46	207.42	281.56	265.42
21.00	40.00	285.39	268.82
9.17	54.43	332.19	326.73
0.00	33.97	314.93	319.80
2.33	41.68	320.99	341.88
13.13	12.99	332.79	316.82
14.75	70.01	333.92	313.29
0.00	29.10	303.56	307.90
11.81	41.59	324.09	323.45
7.64	12.88	286.52	315.72
24.16	33.81	305.77	301.43
5.49	38.76	343.97	322.09
0.00	55.75	330.54	349.24
9.15	22.91	326.37	325.04
0.00	130.33	332.62	277.13
0.56	44.77	315.13	342.38
10.93	19.99	323.91	314.28
1.59	83.60	330.68	317.23
11.55	25.73	322.44	318.63
0.00	95.96	338.03	316.12
0.00	88.72	336.30	338.68
3.74	64.47	343.92	331.90
6.29	38.33	341.18	329.25
0.00	48.86	328.30	361.37
6.26	19.34	324.06	322.17
15.47	89.56	318.82	295.34
5.30	28.81	312.88	297.50
18.45	53.79	328.07	319.49
0.00	60.59	305.16	320.64
13.46	54.82	317.54	279.86
0.00	30.95	324.09	310.50
4.32	79.01	334.56	351.49
5.84	41.58	320.47	333.18
5.53	14.20	308.83	312.91
7.25	40.51	327.74	334.59
8.23	38.82	309.48	335.99
3.63	13.50	312.62	314.81
13.57	40.87	329.92	329.34
1.01	54.91	322.38	318.71
8.79	16.60	320.23	321.45
3.15	76.67	334.77	316.35
10.90	22.36	321.56	330.95
0.00	54.68	284.00	300.44
1.90	201.00	299.59	381.37
0.00	145.37	333.21	448.42
17.06	67.42	342.94	492.83
17.92	39.22	342.08	523.44
0.00	68.83	356.34	508.21
1.59	49.72	331.93	548.80
0.00	48.34	360.00	523.34
0.00	72.77	347.07	513.81
9.94	38.98	329.70	552.20
0.60	63.42	344.36	543.32
0.79	59.53	340.30	567.30
0.00	47.99	337.47	550.45
0.00	17.56	342.78	572.38
0.00	61.18	341.42	553.56
12.56	40.20	328.19	561.97
4.48	23.44	332.11	574.68
0.00	43.15	340.68	554.84
9.29	58.01	345.59	527.19
4.71	29.29	345.81	543.92
0.00	49.73	343.74	558.99
0.00	37.43	335.46	563.76
0.00	67.23	347.91	511.73
0.00	49.82	345.24	515.11
2.69	56.33	331.39	551.45
1.87	45.95	353.19	542.04
0.00	52.33	330.28	548.87
0.00	49.37	336.70	539.39
0.00	25.33	343.22	562.66
0.00	58.49	345.51	546.81
11.85	42.83	328.29	572.43
2.90	24.58	326.69	568.38
0.00	60.52	340.71	506.34
0.00	37.33	334.30	553.94
0.00	54.89	351.08	511.68
0.00	46.68	341.50	563.07
0.00	49.78	335.12	561.73
0.00	73.15	360.00	463.65
0.00	105.01	325.52	461.65
14.52	152.13	345.48	355.17
0.00	173.59	343.08	354.16
8.92	152.07	340.94	351.83
1.09	191.94	355.45	321.40
2.09	185.82	352.61	333.34
7.83	211.19	352.17	320.28
1.48	211.33	348.67	306.40
9.66	162.27	350.34	365.59
0.00	155.52	343.97	370.86
24.94	176.73	335.06	318.21
3.01	183.16	352.10	338.62
0.00	209.75	359.01	314.69
4.91	216.60	347.12	307.16
5.79	273.18	345.89	258.47
18.08	219.24	334.88	305.29
19.13	216.09	340.87	312.55
38.60	236.16	320.01	301.96
0.00	194.19	326.11	329.79
0.00	187.70	345.33	338.12
0.00	176.25	346.05	343.28
8.79	196.39	351.21	330.25
5.90	187.78	354.10	324.70
9.68	172.14	350.32	337.03
16.22	175.24	339.33	327.23
17.68	172.99	335.95	336.45
23.91	199.15	335.49	300.85
43.41	175.54	316.59	338.70
68.68	158.00	287.71	338.56
17.68	157.49	317.31	350.54
0.00	194.18	340.35	330.55
4.24	198.27	351.36	329.71
10.33	173.03	349.67	336.23
25.13	205.09	330.98	314.48
58.96	209.58	299.57	276.76
118.69	229.34	236.00	250.03
92.26	223.51	245.23	270.00
89.27	213.05	262.97	250.50
91.90	200.47	259.48	263.22
24.42	206.51	331.47	262.95
120.58	198.57	238.45	275.14
35.91	209.01	318.23	259.46
69.53	197.70	290.47	279.83
69.42	212.75	280.66	252.70
102.16	211.48	254.68	266.91
113.92	259.60	246.08	232.96
51.66	248.77	302.75	226.77
64.34	248.39	293.92	247.04
84.98	247.63	259.66	250.27
100.60	259.74	257.99	224.86
98.96	259.63	250.08	216.78
52.17	284.77	299.33	214.59
37.79	291.92	321.25	224.50
57.19	283.93	301.67	231.75
42.36	273.50	317.08	242.39
66.31	292.53	287.36	241.25
62.25	299.90	284.54	216.19
83.97	279.05	272.85	216.29
90.08	306.39	267.64	220.73
76.29	309.03	271.50	210.57
86.88	316.46	259.31	206.16
81.06	335.27	256.70	203.12
76.66	324.26	270.72	197.79
76.55	333.32	273.67	239.06
72.42	316.46	268.07	247.54
73.96	343.23	278.49	205.38
79.35	373.37	271.85	202.76
65.88	341.33	284.52	232.04
75.52	323.00	276.35	236.70
78.87	336.33	279.24	262.25
92.26	297.52	259.91	281.46
195.98	163.01	164.02	331.98
152.29	208.20	202.76	322.58
55.16	375.31	289.30	222.55
86.76	290.31	263.76	312.19
68.40	317.13	273.84	315.39
70.65	266.31	281.34	341.64
76.03	206.25	270.72	411.42
39.41	267.45	316.74	355.18
58.71	222.74	301.29	379.48
68.33	263.41	290.28	356.17
38.96	274.81	318.73	351.13
55.83	268.08	304.17	341.25
101.50	278.37	258.50	330.05
88.65	266.41	257.58	314.15
197.54	260.39	162.46	295.29
205.05	301.46	150.61	260.13
211.73	303.50	141.17	264.69
222.42	307.34	130.33	268.79
191.88	324.80	156.75	258.78
212.99	349.77	139.48	247.38
191.14	346.52	156.87	239.61
211.87	347.94	144.21	265.06
216.06	348.37	137.44	263.25
203.81	369.52	147.22	246.39
212.40	374.85	138.57	255.46
196.40	384.01	152.08	244.66
41.93	329.00	254.45	224.55
31.93	121.16	319.94	165.19
43.13	134.37	299.04	183.20
56.26	123.00	288.30	208.34
68.42	93.24	288.81	198.65
23.93	103.11	306.18	226.50
9.11	100.55	322.60	235.11
13.65	135.15	320.78	237.07
30.29	147.71	316.48	247.87
27.29	134.49	326.66	320.03
8.20	107.84	337.56	304.85
21.58	115.89	331.61	332.19
40.44	115.82	307.39	308.23
31.68	106.62	320.75	309.88
20.30	113.73	326.27	331.57
26.98	114.20	310.59	361.31
8.75	118.36	337.96	394.21
14.08	94.05	340.54	318.86
10.24	61.35	340.14	367.49
2.85	86.86	336.93	359.09
8.89	83.76	349.44	430.71
6.52	86.51	352.13	390.99
4.29	67.22	332.93	443.84
9.78	59.24	349.42	400.13
0.00	67.49	338.18	421.87
2.36	99.50	354.32	390.43
1.09	72.07	344.26	351.35
6.88	62.58	353.12	340.97
0.00	90.66	337.63	390.01
14.04	34.46	342.88	294.39
81.37	11.98	278.63	279.05
75.25	20.17	284.75	273.06
33.34	23.97	289.37	238.12
14.47	23.82	252.25	227.64
0.00	44.05	246.72	216.36
0.00	46.44	208.67	194.66
4.24	45.05	184.05	186.33
10.74	36.09	169.20	206.35
14.97	25.10	174.10	207.67
10.05	35.85	178.39	208.69
11.34	43.91	181.69	179.98
15.43	54.22	179.57	154.78
2.26	28.36	175.43	154.82
14.74	48.13	167.46	132.26
21.09	46.63	151.84	118.12
25.49	49.88	148.67	108.20
32.60	60.41	137.46	88.60
18.16	68.60	130.13	83.62
33.72	61.72	116.10	88.12
20.43	66.70	116.30	91.94
33.88	65.19	108.86	81.63
30.03	66.50	113.10	78.94
35.47	65.37	105.74	71.05
36.18	68.91	101.27	64.59
39.19	69.29	96.97	56.76
39.27	72.20	98.98	55.19
41.76	70.33	93.75	51.25
44.04	72.37	91.06	51.15
47.08	72.23	88.75	49.32
48.32	70.75	85.62	50.45
51.68	70.13	81.40	50.88
54.72	67.90	80.70	52.02
56.75	64.24	77.67	56.00
57.69	62.34	78.26	58.91
60.39	61.62	78.48	62.69
63.70	60.08	75.91	64.67
64.30	60.31	75.77	63.62
64.40	57.28	74.64	70.27
61.11	51.51	76.22	77.55
57.88	41.49	58.55	67.97
47.63	34.13	49.57	60.68
50.88	41.81	46.49	53.76
70.10	43.50	32.00	49.56
75.78	43.90	28.67	44.35
77.17	42.78	27.14	42.70
81.39	41.96	26.33	39.37
85.13	43.71	25.05	33.50
86.84	43.16	24.39	32.05
89.00	43.62	24.17	30.92
90.87	43.05	24.63	33.45
90.76	42.56	27.45	36.72
93.86	41.01	25.11	39.82
96.35	40.27	23.69	41.92
98.61	37.61	23.64	45.04
100.49	38.14	23.29	46.32
101.68	37.76	24.14	46.68
102.61	36.81	25.31	43.78
103.67	35.90	26.76	42.44
104.08	34.66	27.60	42.14
107.73	37.08	26.07	37.87
108.51	33.41	26.12	40.90
111.21	38.70	25.21	39.93
113.19	40.93	24.64	38.71
114.47	40.80	24.28	39.23
115.42	42.54	24.24	38.99
116.58	42.23	26.26	40.02
119.03	43.54	25.84	39.76
120.96	44.45	26.54	39.74
121.56	47.13	27.95	37.80
122.30	47.46	29.23	33.71
123.73	52.24	29.18	31.41
125.13	52.24	29.79	31.30
126.27	53.67	28.89	34.55
127.67	55.31	29.08	37.15
128.30	55.12	28.27	41.06
129.52	55.93	26.34	44.13
130.94	58.80	24.71	44.57
131.75	60.15	24.25	43.38
132.62	62.75	24.50	42.57
133.60	65.01	24.05	40.82
134.14	68.00	24.61	39.20
135.28	69.88	24.76	38.85
136.07	72.73	24.84	38.54
135.49	76.61	26.69	35.44
138.42	78.65	23.61	45.38
138.02	80.27	23.71	45.73
138.41	82.51	23.91	47.71
137.80	84.01	25.00	48.15
137.37	85.26	25.23	50.18
137.63	89.53	26.36	43.78
136.49	91.91	26.54	44.32
135.52	98.28	30.10	36.90
136.98	100.92	29.40	35.06
138.02	102.81	29.20	36.75
134.48	108.14	29.50	39.40
136.92	111.81	28.89	43.20
138.35	113.85	27.76	45.18
136.18	116.85	29.38	46.26
136.98	120.10	28.30	51.20
137.01	117.28	28.49	54.13
134.67	115.63	30.31	62.50
132.86	120.00	31.66	66.60
125.82	128.47	35.86	58.56
120.73	135.59	41.23	43.85
131.74	141.46	31.54	44.22
134.45	148.91	30.38	42.37
137.66	154.67	27.10	39.45
138.24	159.64	25.73	40.53
141.00	165.74	24.18	39.95
139.70	170.65	25.38	39.68
140.18	175.59	24.86	38.94
140.36	179.34	24.77	39.22
140.96	185.32	24.78	39.06
139.47	191.40	25.99	37.12
139.77	196.80	25.53	35.58
139.77	201.21	24.13	33.40
138.86	208.06	23.14	31.85
139.20	212.48	21.04	38.28
137.70	217.71	21.36	39.26
137.55	223.49	21.24	43.16
136.40	229.59	21.13	43.75
135.40	238.03	21.92	39.03
134.90	245.40	23.01	36.24
133.71	250.78	23.03	37.26
132.90	260.25	23.80	33.03
133.07	265.23	23.34	34.44
132.16	272.30	22.83	33.32
129.85	280.27	24.68	28.19
130.33	288.27	22.95	28.34
129.15	294.85	22.64	29.37
127.99	301.52	21.71	32.01
124.88	309.24	23.47	32.99
122.72	318.20	24.71	32.75
121.99	325.50	25.17	31.62
119.99	333.51	26.14	33.15
118.18	340.98	27.15	30.39
118.20	347.53	25.44	31.87
118.09	355.74	22.38	34.97
116.22	364.00	25.73	27.79
113.89	372.22	25.69	26.66
112.01	378.24	26.86	27.21
109.87	385.83	27.95	27.35
107.29	390.37	28.45	28.36
104.55	396.76	30.09	28.22
101.63	404.22	30.99	28.08
99.61	409.89	30.28	28.48
96.79	415.72	28.46	28.30
94.62	422.24	27.89	27.49
92.51	428.01	26.49	27.91
89.87	433.31	26.58	27.37
86.68	438.81	28.54	26.96
85.12	444.14	29.67	26.32
82.43	449.60	30.34	25.67
79.68	454.71	30.01	25.32
77.90	459.54	30.71	24.97
75.34	463.77	29.87	25.35
72.27	465.61	29.23	27.83
69.75	470.87	28.47	27.26
66.91	475.89	27.06	27.15
64.34	478.32	25.53	30.43
57.97	485.17	30.87	25.94
56.83	489.94	29.99	25.33
58.71	492.07	29.86	26.18
60.57	494.64	30.19	26.20
66.02	496.38	32.33	26.33
78.68	496.34	32.82	25.59
94.67	494.62	30.48	25.02
111.64	490.66	30.57	27.16
131.60	489.69	30.83	27.37
152.82	484.23	32.00	30.52
176.82	482.27	32.35	30.95
200.65	481.11	34.02	32.10
219.03	478.42	35.27	33.87
233.52	485.66	37.59	29.87
244.23	486.39	36.35	28.47
249.88	486.31	34.52	27.96
250.98	486.29	30.85	28.38
249.10	485.90	28.85	28.87
247.06	487.25	25.75	28.77
246.39	487.51	23.13	29.55
241.90	486.36	22.44	30.73
237.55	486.23	23.25	30.68
